X Y
4,9912041 6,9603294
3,8651569 6,2440552
4,1484957 6,1001829
5,4531719 13,205294
7,2085597 12,8856282
3,2355301 6,6782545
3,1351507 7,1008724
6,3724456 12,8720313
2,5515343 6,7112176
4,8694101 6,7721927
3,6466145 6,2301453
3,2126043 6,2498328
5,9760916 13,0205107
2,3527641 6,24326
2,6635041 6,4693177
5,9804162 12,1145783
4,0820348 6,2351564
4,6028032 6,3088368
4,6157361 6,6989215
4,0290709 7,01402
3,2730052 7,1327282
3,8495075 6,0856326
2,7044048 6,6310766
3,8908804 6,9226612
3,6179704 6,5464633
5,9394171 13,0055884
4,2249144 6,053234
6,187355 12,5555534
7,5914242 12,4951902
3,8390029 6,8037968
3,6331453 7,3029679
6,1688976 12,4269202
4,237184 6,5287024
6,0150268 13,0756997
4,6689079 7,0321198
3,6647617 6,5951718
4,5478169 6,3237273
6,832366 12,5282437
3,6088093 7,4212758
4,3677365 6,89313
6,7999419 12,6848493
6,5799209 12,7793422
7,5954747 13,1230144
4,6701163 6,497731
7,657174 12,6744512
6,9214303 13,0729303
4,0490328 6,2874303
6,0980378 12,9652404
4,71919 6,9355277
7,5663845 13,1192288
4,028535 6,7199949
7,758855 12,9781908
4,0297242 7,0075278
3,4804899 6,907946
3,2688303 7,6819356
6,3216825 13,1908302
4,2389946 6,0705769
3,7606586 6,2316662
6,0857151 13,0600271
3,1612014 6,6700041
2,9637051 6,3015329
4,7230228 6,563488
6,4784006 12,931663
7,394937 13,0528201
4,2432819 6,6245738
7,6016418 13,0934393
6,5091689 13,309285
3,8155375 6,8009079
6,6304265 12,9239535
3,9434937 6,3089347
4,2323781 6,5148643
4,5862582 6,1640095
2,8951691 6,4128935
7,1190036 13,1207728
6,8825955 13,1198254
2,8639548 6,4209806
4,2477923 7,0872994
6,3413831 13,5210184
4,83261 7,3162856
7,9851397 12,7433063
3,6618742 6,8341947
6,4766814 12,6647224
6,6370652 12,5707752
5,618996 6,5486469
7,4656515 12,8216068
4,4709947 6,9447339
7,6894881 12,5643948
4,6896672 6,9098456
7,0002 13,0880346
7,6429127 12,5307226
2,5966898 5,817116
3,7679982 6,6825951
7,6841415 13,186931
7,0766499 13,1938341
2,4881516 6,4159219
7,1556395 12,9607276
7,6025774 12,7193527
4,0145649 6,8077409
7,5071908 12,9555155
4,3177942 7,0234375
4,3010362 6,8347685
6,8328124 12,6694174
7,5081443 13,3071597
6,7330883 12,944399
3,055893 6,4791998
3,3404867 7,2590496
7,0961941 13,2457084
7,0250397 12,4578124
3,2753013 6,6255363
8,658433 12,4280674
3,5589673 6,9776973
3,8917306 7,3171583
7,1611651 12,9009386
3,0297381 7,4035527
3,2723461 6,7926763
4,6093416 6,6004354
4,6063089 6,938494
6,5461316 12,726366
5,284955 7,0943144
6,6301165 12,0091748
7,463303 13,1114238
3,8710476 6,9969452
3,0134534 6,1859311
4,133619 6,6653563
7,0932865 12,9888706
6,8567045 12,3821401
5,2199841 13,3320014
7,6019662 13,4763663
3,4009219 6,4722421
2,971573 6,9058816
4,113988 6,7942365
3,8036413 6,8436011
5,142054 13,3935025
3,438495 5,9922546
3,2757978 6,9967777
7,1170052 12,606204
3,823928 6,9510658
7,5400262 12,7138986
3,9977443 6,4988049
4,7366446 6,5755526
4,1909619 6,6611362
7,5473143 13,1202489
7,0404312 12,9983695
4,7784224 7,0890248
4,620922 6,419889
7,6724967 12,767848
7,0096821 13,522788
3,5772589 6,5073649
7,2236788 12,7986748
3,2989355 7,5325744
3,9501419 6,507012
6,5287571 13,1686537
7,1537334 12,9320082
3,0496618 6,7418726
4,2573712 7,2607635
8,30144 12,5261644
7,3884724 13,4754628
8,0811734 12,5435964
6,6922609 13,4401187
3,4680203 6,423652
3,5336607 6,2188541
4,0516971 6,4100483
3,6401921 6,5901655
7,5121609 13,0941929
6,7194863 12,6919879
4,4412959 6,8578253
7,0708441 12,805945
4,4955499 6,5418332
4,4213661 7,1834276
6,5253111 13,0896156
3,8001104 7,0065337
7,7279333 12,792604
7,000847 13,1707563
2,7055455 6,5927128
5,9686655 12,519467
4,2776607 6,64578
3,0037576 7,0690849
3,6452559 7,2793177
2,8511381 6,7985431
8,0472037 13,0307445
7,424001 13,0137806
4,7535335 7,1989589
6,828989 12,8969044
6,2723251 12,6549445
3,1505782 6,3467879
4,832304 6,9571033
8,2488745 13,0586094
7,2806742 13,5011123
4,7187145 6,1818845
6,7163544 12,108869
7,5517907 13,0805266
3,5085277 6,1250659
3,8376539 6,5842788
7,2917065 13,6264021
6,8749588 12,6715048
3,5097536 6,8102146
3,7836661 6,6637653
4,3011797 6,8292552
6,9100347 13,0048105
6,707796 13,1389949
3,9752601 6,6649179
3,6289067 6,5865929
4,5385595 6,3866311
3,6012276 6,5116657
4,4617339 6,7958329
3,1335408 6,8347569
4,7544311 6,8550929
7,6098642 12,815793
4,8249035 6,7582271
7,4572175 12,9873701
3,4551499 6,3049725
4,5497175 7,0296035
3,2686459 7,1088297
6,9007745 12,9001197
3,5705355 6,7315929
3,6643213 6,1936497
6,6475648 12,8474482
7,4519506 12,6311998
4,640982 6,663421
4,1794788 6,5617369
3,6323067 6,8257166
3,3973718 6,9357391
4,5240104 6,0851036
6,7621589 12,9354031
4,0995453 6,7354252
6,6598216 13,6150113
